1000
36 7
27 5
39 31
42 22
7 3
47 46
15 9
5 21
7 25
3 21
48 27
48 26
35 7
8 25
48 25
49 27
47 45
6 3
16 9
48 45
47 26
15 10
3 20
42 23
2 20
27 4
8 24
14 9
2 21
37 7
14 8
5 22
28 4
47 27
27 3
42 24
47 28
2 19
39 30
40 31
43 23
29 4
27 2
27 6
3 22
14 7
6 2
48 44
6 4
36 8
26 6
16 10
41 23
5 3
6 1
35 8
6 22
34 7
26 4
2 18
49 25
41 24
14 10
40 32
29 5
14 6
14 11
26 3
39 29
42 21
37 6
5 23
46 27
17 9
49 28
34 6
49 44
5 4
28 6
3 19
14 12
6 21
28 2
5 5
49 45
40 30
47 25
40 29
34 5
35 9
41 30
47 29
48 43
13 12
28 1
1 21
43 24
3 18
16 8
1 19
5 6
38 29
41 25
42 30
34 4
4 23
34 3
47 24
48 24
35 3
0 19
29 3
5 24
36 3
37 8
1 18
26 2
44 24
9 24
33 4
30 5
4 4
15 6
41 21
42 25
13 11
7 26
12 12
4 24
6 24
33 6
46 46
30 3
4 19
35 4
37 5
35 2
28 0
6 0
13 10
38 28
5 7
44 23
41 32
17 8
38 8
34 9
38 7
40 25
49 24
16 11
42 31
5 1
4 1
33 3
32 3
49 23
9 25
37 3
14 5
36 9
16 12
38 6
41 20
5 20
13 5
17 10
7 22
16 7
26 1
18 9
46 25
36 5
18 10
9 26
26 0
40 21
14 4
48 42
45 27
43 25
7 2
42 32
3 17
7 27
45 25
17 12
44 22
6 26
44 27
48 41
46 24
47 42
13 7
40 24
4 25
44 28
13 4
34 2
29 6
34 1
3 24
4 3
39 25
25 1
43 28
46 28
28 7
7 23
47 43
33 1
41 29
3 4
27 7
35 1
37 29
0 21
6 27
6 6
35 0
42 28
27 8
25 6
41 33
48 29
40 33
27 9
3 5
14 3
37 30
12 7
38 31
35 10
47 30
43 30
36 29
25 0
9 27
24 6
37 9
33 9
7 6
5 19
36 10
34 0
26 9
14 13
33 10
8 22
12 13
38 25
41 26
2 24
11 7
49 43
1 17
48 23
26 7
7 4
39 8
11 12
4 26
5 18
46 42
40 34
30 6
24 1
49 41
46 41
5 25
39 21
11 11
2 23
7 1
12 4
37 28
5 8
5 0
28 8
36 2
48 46
38 32
38 27
37 32
33 11
46 43
30 2
4 8
11 13
39 28
15 3
6 20
15 5
40 35
18 12
32 11
1 23
37 25
24 5
3 8
49 46
49 40
40 20
32 9
37 26
8 21
13 3
29 8
32 2
38 33
19 9
43 26
39 35
47 31
24 7
39 9
8 6
45 46
5 9
18 8
41 34
23 6
44 46
16 6
49 22
40 9
44 47
39 24
44 30
4 9
13 2
43 31
12 3
2 5
3 26
42 34
3 1
11 3
45 22
32 1
5 17
42 27
45 23
9 22
6 9
38 21
25 3
36 28
44 26
4 0
6 19
45 42
11 10
38 24
3 6
23 7
6 7
20 9
46 40
10 7
7 28
34 11
45 21
29 0
38 35
40 10
2 25
31 11
10 13
49 47
43 46
11 6
10 12
10 14
0 22
10 26
8 5
10 3
24 8
39 34
46 22
5 27
9 28
31 1
10 8
42 35
9 6
37 33
25 4
22 6
45 45
42 36
30 8
38 36
0 23
35 11
30 0
42 20
36 0
36 33
21 6
13 1
38 3
37 34
37 21
6 17
41 10
31 8
48 47
13 0
12 0
23 8
9 21
47 47
42 37
49 39
36 27
37 36
27 10
14 2
27 11
40 36
4 10
39 3
29 1
17 13
31 6
40 28
7 0
10 24
40 19
1 25
10 2
33 12
9 20
42 10
3 10
43 32
35 33
10 21
34 33
49 21
38 5
8 3
39 26
33 0
40 23
10 10
45 43
41 19
48 30
17 6
28 10
40 37
42 11
38 22
39 37
48 40
35 32
6 16
20 8
11 14
44 48
4 27
18 6
9 13
20 10
43 48
47 48
36 11
39 23
44 42
39 7
35 29
5 28
8 0
11 26
11 5
24 3
32 4
45 40
43 49
7 17
10 4
43 35
45 39
49 30
40 8
43 34
35 31
19 12
40 7
21 10
11 21
45 47
7 16
36 25
47 22
45 48
21 5
40 18
36 24
47 49
19 11
25 8
12 6
45 20
42 46
2 6
35 25
20 7
35 28
8 13
35 24
42 19
38 20
16 13
20 11
44 35
9 10
13 9
45 38
48 39
6 10
19 6
7 13
16 3
0 17
33 8
43 10
6 11
32 0
22 7
7 14
7 11
43 42
9 14
10 1
24 9
21 11
34 31
10 27
7 7
49 31
11 1
42 12
48 21
9 29
35 27
49 20
41 18
38 37
44 43
9 7
11 8
10 23
2 10
47 39
43 21
34 27
38 2
18 5
40 11
40 27
11 22
14 1
7 10
4 7
22 10
41 12
3 27
36 21
30 11
11 23
35 23
19 13
48 48
35 6
8 20
43 43
17 5
10 15
10 20
45 35
40 3
48 38
23 10
24 0
46 44
43 12
22 5
3 28
36 31
5 29
8 16
11 0
2 4
7 9
6 12
36 34
16 14
34 23
22 8
32 5
47 32
41 7
9 1
44 49
44 34
23 0
11 20
41 13
37 20
12 23
22 4
49 38
1 4
2 3
42 45
40 6
21 9
49 19
42 18
24 10
17 4
42 17
34 25
0 16
3 16
1 16
26 10
44 36
4 29
2 27
6 15
42 43
15 14
45 36
34 22
24 11
3 29
43 17
37 37
37 11
42 47
33 33
9 8
41 9
8 12
1 26
44 31
37 0
15 15
9 0
47 33
33 31
44 39
7 18
20 12
47 21
29 11
9 2
36 20
41 14
5 30
16 15
46 49
39 10
8 9
3 0
38 11
38 1
2 8
34 29
2 0
44 41
43 9
30 12
3 15
46 38
40 13
9 30
33 27
33 25
33 34
32 27
11 19
20 5
11 25
16 4
41 43
19 7
9 16
20 13
3 14
39 38
23 11
48 33
5 12
7 29
9 17
42 16
0 26
46 30
43 8
12 9
9 5
20 14
39 4
33 13
8 11
11 27
11 28
14 14
33 29
41 15
32 25
18 4
42 13
31 27
40 5
10 29
11 29
44 8
42 49
36 23
35 12
18 3
7 19
47 34
36 35
42 8
39 13
12 22
1 6
49 33
29 9
1 0
41 44
31 28
8 18
30 13
12 21
6 30
34 34
12 26
6 13
41 46
30 28
19 4
49 18
43 18
48 49
29 12
40 15
33 22
35 22
37 1
33 21
34 21
49 17
49 49
40 46
18 2
46 37
44 38
32 33
46 34
36 19
42 38
3 30
9 4
39 12
39 39
43 41
39 14
3 11
48 37
9 18
1 15
47 20
13 26
43 39
42 39
39 46
41 47
48 18
36 18
33 20
0 15
30 14
45 8
41 48
38 12
31 26
7 30
25 11
40 44
2 29
31 12
49 37
44 44
41 3
46 35
35 19
5 16
40 2
15 2
13 22
48 19
12 27
4 12
24 12
30 15
43 7
40 17
4 13
38 10
38 46
32 22
41 2
23 4
23 12
24 13
16 2
28 12
13 23
12 19
42 40
13 24
5 31
10 19
45 19
39 18
14 15
23 1
32 20
22 1
22 0
45 31
47 18
38 38
19 2
30 27
39 40
0 0
38 39
31 22
13 21
14 16
43 20
17 15
11 30
30 29
33 23
36 36
9 31
6 31
44 17
30 30
22 3
35 13
47 35
1 27
29 14
21 1
2 2
44 9
1 28
45 7
43 13
39 15
0 1
35 18
44 18
4 14
10 17
32 28
31 25
42 15
20 1
46 7
48 17
49 36
43 6
25 12
30 25
24 14
41 6
48 36
44 12
43 37
6 32
28 14
29 25
13 19
27 14
43 5
29 28
44 32
45 32
25 14
49 16
32 19
43 45
28 28
45 12
44 16
1 1
39 41
31 4
45 33
14 23
26 12
37 23
31 20
0 28
7 32
42 3
14 22
10 31
17 16
30 31
33 14
21 2
49 34
12 18
39 45
31 15
7 33
42 5
48 35
11 31
21 3
33 35
31 14
24 15
40 40
29 15
44 10
35 17
12 25
46 18
3 2
43 15
43 3
17 17
0 29
38 41
28 15
31 16
25 15
23 13
26 13
36 13
13 15
12 15
7 34
44 3
29 30
39 42
27 15
3 12
5 14
16 1
41 38
32 32
33 15
13 18
46 12
0 25
34 17
36 37
30 32
29 32
13 27
43 2
28 25
17 18
44 4
32 23
36 17
34 35
35 16
32 34
0 6
40 47
19 1
34 19
45 16
8 33
20 3
32 31
12 2
23 14
31 30
45 10
12 16
36 38
8 15
